  1.2303559  -11.16224898   1.        
  1.02614252  16.09732309   1.        
 1.1544228   5.08167641  1.        
 0.64427532 -5.09538071  1.        
 1.00590086  2.24342718  1.        
  0.97953547  12.19841763   1.        
  0.62874324  13.72324216   1.        
 1.27075194 -8.87946313  1.        
  0.47655945 -10.82495536   1.        
 0.91699376 -7.01116249  1.        
 1.17179326  1.19946614  1.        
  1.14509104 -12.00385685   1.        
  1.20684945 -13.29830645   1.        
 1.03436155  3.01324251  1.        
  0.87747454  10.51779503   1.        
 0.9813308  -1.55666485  1.        
 1.03051228  4.47971582  1.        
  1.21042271 -19.04502745   1.        
 1.34612414  6.74418894  1.        
 0.97544726  7.27211497  1.        
 0.84711851  0.02282715  1.        
 0.82614864  4.64024712  1.        
 0.55364871 -2.94317618  1.        
  0.7556705   11.14954986   1.        
  0.98519666 -25.69452386   1.        
 0.86212637  2.01882766  1.        
  0.71977578  14.82388419   1.        
 0.84475116  5.92416221  1.        
 0.99190473 -9.42474862  1.        
  1.04509915 -12.83900278   1.        
 1.01190093 -6.61469619  1.        
  0.74433699 -14.12330423   1.        
 0.85311961  4.59921617  1.        
 0.75942552  8.024013    1.        
  0.58757035  11.2257852    1.        
 1.2422773   7.85257416  1.        
 0.98261494  6.34371387  1.        
 1.01614715  5.40345796  1.        
 1.18089923 -0.14617619  1.        
  1.17378685  21.72939346   1.        
 1.21762004 -5.59877709  1.        
 1.33124703  0.97491774  1.        
  0.95807979 -17.99017237   1.        
 0.97402648  3.14487561  1.        
 1.06126875  8.32652888  1.        
 0.84786507  7.83194047  1.        
  0.94290809 -11.87343847   1.        
 0.7761381  -9.22310373  1.        
 0.76868428 -4.21309427  1.        
  0.78518765 -16.89546965   1.        
 0.91584889 -5.96619357  1.        
  0.98453118 -14.67621393   1.        
 1.10626605  3.45103902  1.        
 0.85310016  0.56957706  1.        
 1.12869803 -3.96011563  1.        
 0.92851329 -1.23132496  1.        
  1.07512017  17.29242921   1.        
  0.73591083  17.72718063   1.        
 0.98124189 -7.83222849  1.        
 1.22849824 -2.41199106  1.        
 0.96863267 -5.49584278  1.        
  0.8221164  -20.26564754   1.        
 1.35300136 -7.89083698  1.        
 1.27588359 -4.07022942  1.        
 1.12014611 -5.2543372   1.        
 1.20086535 -4.35920475  1.        
  1.01474253  10.75277435   1.        
 1.30559742  2.0157442   1.        
 1.1145867   9.13482984  1.        
 0.98313856  1.13273019  1.        
  1.28281453 -17.77041074   1.        
  0.78062742 -12.66653167   1.        
 1.24417229  6.09616799  1.        
  0.90223755 -14.35217863   1.        
  1.00096375 -12.10005769   1.        
  1.37301747 -11.55344116   1.        
 1.23565502 -4.91764512  1.        
 1.36885262  0.22427392  1.        
 0.80401145 -4.68100488  1.        
  0.89983467 -15.48693644   1.        
 0.78190308  2.59105269  1.        
 1.04114399  2.64632863  1.        
 1.29785513  0.89285044  1.        
 1.07116337  1.34762494  1.        
 1.13793746  6.38742629  1.        
  1.21981376  15.21864296   1.        
  0.9066118   14.19827444   1.        
  1.16829089  17.30703317   1.        
 1.10037453  3.96675508  1.        
 1.15409938  9.59207164  1.        
  1.30192549  13.23825885   1.        
 0.75091708 -7.44871258  1.        
 0.86204929 -1.06911035  1.        
 1.57365214  0.72424814  1.        
  1.32624369 -10.10044754   1.        
 1.26514287  7.93447934  1.        
 1.01105831  9.48770909  1.        
 0.85591249 -5.69631504  1.        
 0.96551322  5.75500942  1.        
 1.16848557 -9.01626266  1.        
 1.01293558 -6.95968852  1.        
 0.76396481 -4.18809722  1.        
  0.92989139 -14.40105702   1.        
 1.18950323 -2.6229572   1.        
  0.97024912 -16.65344797   1.        
 0.98959801 -7.11283119  1.        
 1.1864806 -5.5277144  1.       
 1.01864209 -8.0816326   1.        
 0.96730766 -8.80011111  1.        
 1.28034779  3.85942772  1.        
 0.51542346  1.2050864   1.        
 1.03332146 -4.9746867   1.        
 0.95116564  2.74427276  1.        
 0.80992941 -2.14157409  1.        
  0.88300888 -22.2054922    1.        
  1.10549185 -12.94948227   1.        
 0.77864148 -6.7059475   1.        
 0.91717833  0.06838626  1.        
  0.92911821  12.85268788   1.        
  0.97089371 -12.26170374   1.        
 1.19649132 -1.47529111  1.        
  1.16328581 -10.48086287   1.        
 0.70973893  4.54818041  1.        
 0.8902844  -0.20304616  1.        
  1.38702901  10.68141371   1.        
 1.08198633  3.68343478  1.        
 0.76563597 -3.63954289  1.        
  1.22937497 -12.80681632   1.        
 1.4329826  -1.01949975  1.        
  1.01237228  27.34561475   1.        
  0.96411535 -10.98615136   1.        
 1.00310698  2.19956942  1.        
  1.17226982 -12.15920344   1.        
 1.09358637  9.79234201  1.        
 1.16036905  5.77730234  1.        
 0.90695199 -1.0435948   1.        
  1.26638874 -13.39114654   1.        
 1.04407613 -0.09631734  1.        
 1.00529206  6.00578038  1.        
 0.85042798  7.87816608  1.        
 1.43911179 -7.07929758  1.        
  1.17875604 -19.30478334   1.        
 0.87563349  5.7531421   1.        
  1.0682169  -12.95601962   1.        
 0.92608922 -2.45039365  1.        
 1.10738229  0.0877411   1.        
 1.31569805  0.00248448  1.        
 1.08509415  6.04013293  1.        
 0.96742556 -8.32530035  1.        
 0.88794377 -7.8013167   1.        
 1.40225358 -4.97747379  1.        
  0.83866615 -10.11214262   1.        
 1.07986872  9.94275024  1.        
 1.18274127  6.23527473  1.        
  0.88380289  12.55163039   1.        
  1.18472791  10.35862893   1.        
  1.06628647  10.76176105   1.        
 1.09895831 -0.77904857  1.        
 0.78175751 -6.08810116  1.        
 0.84503197  4.1065555   1.        
 1.1007033  -8.36011415  1.        
  1.09720842  15.570857     1.        
 1.51228454  1.62084372  1.        
  0.91541711 -22.25906038   1.        
  1.41187694 -18.28151229   1.        
 0.88862395 -6.43936562  1.        
  0.90212272 -20.07686894   1.        
  0.914639    10.71764799   1.        
 1.20891164  5.87631471  1.        
 1.12670523 -6.16196302  1.        
  1.11083364 -18.74139552   1.        
 0.79803357  6.11685464  1.        
  1.34366323 -11.92192851   1.        
  1.1613484   10.32483656   1.        
 1.25420453 -0.75979067  1.        
  0.89974424  12.65014985   1.        
 1.14383365  0.05346449  1.        
  0.85582531 -23.26471982   1.        
 1.22296211 -0.79851932  1.        
 0.92172362  1.45011203  1.        
  0.97630958 -15.72073281   1.        
 0.96714742 -3.39598454  1.        
 0.96694393 -5.80002664  1.        
 0.98553612  6.86117639  1.        
 1.20361515 -1.73314575  1.        
 0.81939825  0.28314361  1.        
 1.12256634  0.71833194  1.        
  0.78462201  12.4142567    1.        
  0.92492151  21.24460277   1.        
 0.93624634  2.49080332  1.        
  1.08455248  24.64452526   1.        
  0.88322895 -18.10540943   1.        
  1.06422551 -14.43391341   1.        
 0.78134569 -0.84436292  1.        
  1.18269706  13.6630874    1.        
 0.80032464 -3.45137707  1.        
 0.81315039 -1.22527305  1.        
 1.19148807 -3.37761255  1.        
  1.05022766  14.64763329   1.        
  0.7853969  -19.86802645   1.        
 1.16151403 -5.07562914  1.        
 0.87865037  3.66742523  1.        
  1.1960878  -11.03777299   1.        
 1.18155398 -3.50606827  1.        
  0.83995949  11.39355653   1.        
 1.22276108 -1.71092659  1.        
 1.2120807   5.26035165  1.        
 0.98242196  5.2630116   1.        
 0.83162877 -6.24054635  1.        
 0.95552986 -9.87448955  1.        
  0.64265518  12.33744252   1.        
 0.9880861   5.42622509  1.        
 0.96092336  0.86919478  1.        
 1.16040929 -0.77678216  1.        
 0.87595706 -0.77123156  1.        
 1.18175238  6.59684037  1.        
 1.29473351 -4.37023665  1.        
 0.93011933 -6.43018153  1.        
 0.61975792 -4.0879551   1.        
 0.94444698  0.00580681  1.        
 0.98265449 -8.54508981  1.        
  1.09380186  12.80065222   1.        
 0.5073242  8.6524341  1.       
  1.0443085   20.72875806   1.        
  1.03884026 -19.92399393   1.        
 1.05767037  0.0698605   1.        
 0.91277168 -9.83247421  1.        
 1.46795881  0.75670525  1.        
 0.8906995  -7.40619422  1.        
 1.09670271  8.71434036  1.        
  0.97619701  13.44097556   1.        
 1.28303922  1.72502172  1.        
 1.07354148 -0.30222787  1.        
  1.10406628 -15.5364676    1.        
  0.822913   -13.79766914   1.        
  0.69587592  18.2815534    1.        
 0.78999612 -8.28777759  1.        
 1.33529029  0.52385502  1.        
  1.37724928 -31.54322454   1.        
 1.13188395 -0.18754505  1.        
 0.98134509 -5.96598135  1.        
 0.88583827  6.49574896  1.        
 1.10544746 -4.73772946  1.        
 0.73780056 -3.11040858  1.        
 1.1580096   5.15995306  1.        
 0.95485011  6.13379149  1.        
 0.79394524  0.27910148  1.        
 1.28826526 -3.54865622  1.        
 1.21116417 -3.37233767  1.        
 0.71295279 -3.7469179   1.        
  1.10116658  20.38713254   1.        
 1.03101841 -7.64444368  1.        
 1.23441898  3.01095435  1.        
 0.70936833  3.52401185  1.        
  0.77283688  14.02982131   1.        
 1.20491144  9.2288063   1.        
 0.74053294 -0.11857537  1.        
 0.96795309 -5.88067911  1.        
 1.30315386 -7.86659777  1.        
  1.14416698 -19.99825669   1.        
  1.24885026  17.7151886    1.        
  0.79023356  13.46209627   1.        
 0.54322681 -0.69958376  1.        
  0.71678144  25.84328917   1.        
 0.99824521 -2.26647353  1.        
  1.055585    17.56542186   1.        
  1.1639438 -13.176316    1.       
 1.00447615  2.10534198  1.        
 0.56077009 -7.29722999  1.        
 0.97293967  3.87254052  1.        
 0.89765065  1.62259374  1.        
 1.42819133  7.20008101  1.        
 0.82130845  4.33466166  1.        
  0.79484302  11.29230733   1.        
  1.19564207  21.56607751   1.        
 0.84535564  0.10610917  1.        
  0.99649798 -10.97723011   1.        
  0.98737825  12.3134939    1.        
  0.70729418  15.6637214    1.        
 0.9441376  -4.61763512  1.        
 0.72770723  2.08694754  1.        
 0.92372697  1.02699816  1.        
 0.94922006  2.22545587  1.        
 0.9423793   4.77229513  1.        
 0.92471064  1.17688147  1.        
 0.92722967  9.32112917  1.        
 0.73841593  6.1566835   1.        
  0.83576232 -11.1713015    1.        
  1.13774662 -19.81980531   1.        
 1.0609771  -1.58378078  1.        
 1.02104879 -9.75009952  1.        
  0.8930701   10.40415945   1.        
 1.1812981  -7.05787665  1.        
 0.73427473 -9.32202962  1.        
  1.0217231  -11.74475119   1.        
  0.75409872  16.0200506    1.        
 1.37437533  4.61187946  1.        
 1.2782781  -6.16769799  1.        
  0.80802949  20.24703072   1.        
 1.10672134  1.85224203  1.        
 0.75453538 -0.87912144  1.        
 0.68532478  4.04549016  1.        
 0.78291243  1.73467977  1.        
 1.05160066  5.58308777  1.        
 1.25612247  6.20099419  1.        
 1.14419009  6.02907542  1.        
 0.64354272 -3.88433134  1.        
 1.12142621  5.65503384  1.        
 0.70272522  9.99907525  1.        
 1.0961204   6.46291253  1.        
 0.98670667 -5.93614663  1.        
 0.81871771  7.40393907  1.        
 1.08913462 -5.89520247  1.        
  0.67354991 -15.72611319   1.        
 1.30101316  6.78682325  1.        
  0.66534569  10.98917369   1.        
 0.64720789 -5.95154512  1.        
 1.10791135  2.66077474  1.        
 1.18454114  4.69574222  1.        
 0.83419872 -2.29530523  1.        
 0.99835304  2.10669295  1.        
 0.97153784  1.33361864  1.        
 0.82671949  0.34505783  1.        
  1.30146475  13.84533457   1.        
 1.25415933 -5.74056173  1.        
 1.2730586   8.94552176  1.        
  0.90954177 -15.47539306   1.        
 0.70278906  0.96125447  1.        
 0.87395466 -5.16482264  1.        
 1.16908602  2.80413027  1.        
  1.03912684 -10.70928719   1.        
  0.88669291  10.05584679   1.        
 0.76260699 -8.7758038   1.        
 0.87031071  6.46064216  1.        
 1.04477418  5.15460079  1.        
  1.0875493  -10.62241559   1.        
  0.83386738 -15.33892231   1.        
 1.16215216 -5.10819977  1.        
 1.0054793  -1.82098198  1.        
 0.75844194 -2.4415105   1.        
  0.93329968  11.77057557   1.        
 0.92372085  0.64863651  1.        
 1.15454426 -6.84924339  1.        
  0.97070677 -11.91485235   1.        
  0.72110165 -13.37999778   1.        
 1.1786155   3.59578788  1.        
 1.18709659  3.1095577   1.        
 1.03373832 -7.31619133  1.        
  0.80074611 -13.84098074   1.        
 0.71741433 -2.89096045  1.        
  1.04251668 -12.8502816    1.        
 0.68421015  8.60396458  1.        
 0.99297664  5.22409493  1.        
 1.04652662 -6.66473273  1.        
  0.51606618  10.94908664   1.        
 0.94702751  0.1747297   1.        
  1.03613273 -11.70434385   1.        
 0.99966687 -6.53842605  1.        
 0.74860045  4.94152504  1.        
 0.89176616  9.871648    1.        
 1.03841706 -3.68670426  1.        
 1.07849177 -0.74975432  1.        
 1.00900045  8.79151881  1.        
 0.42367859  7.09085715  1.        
 1.26468514  7.44263733  1.        
 1.0758365   4.08441519  1.        
  1.00886759  11.02517735   1.        
  0.76377341 -11.76432768   1.        
  1.10805559  12.31695721   1.        
 0.70570231  5.9509547   1.        
 1.39712548 -1.29203926  1.        
 0.95159159 -3.80577044  1.        
 1.1006803   2.15622773  1.        
 1.55218141  2.02229264  1.        
 0.90864049 -1.12847277  1.        
 0.96922243 -8.49430692  1.        
  0.85111814 -22.49819861   1.        
 0.84592201  5.56157857  1.        
 0.86075936  5.2766625   1.        
 0.99114169  1.2103746   1.        
  1.17100546 -16.73324598   1.        
 1.30167279  5.30543094  1.        
 1.1224347  6.5704791  1.       
 1.28760186  9.31387707  1.        
 0.95353455  5.62765545  1.        
 1.23226025 -3.34361968  1.        
 0.95082084 -1.53135163  1.        
 0.87116282 -0.03232178  1.        
 1.03926633 -1.71739963  1.        
 1.35266074 -2.97273227  1.        
 0.69829668  6.99433823  1.        
  0.97068573  12.81487423   1.        
 1.08086885  0.19955414  1.        
 1.53633936  3.24962514  1.        
  1.24882668 -15.14797521   1.        
  1.15889799  21.41389214   1.        
 0.96171718 -5.03285282  1.        
  0.85421804  10.95855448   1.        
 0.73504065  1.48880096  1.        
 1.09305687 -6.46621685  1.        
 0.98932994  8.94953783  1.        
  0.97293899 -11.19232561   1.        
 0.96610713  5.93202339  1.        
  0.9684787   10.59497087   1.        
 0.59985774  5.74298658  1.        
 1.03812225 -3.65485916  1.        
 0.7853144  -3.66275037  1.        
  1.12374247  13.05814611   1.        
 1.43528171  1.15092519  1.        
  1.03905474 -14.90236815   1.        
 0.94336819  8.1128994   1.        
  1.22167285 -10.90330997   1.        
 1.14785    -0.81099452  1.        
  0.85366197  16.49827867   1.        
  1.00295192  34.64496287   1.        
 1.31787235  3.1586076   1.        
  1.02283805  16.54967229   1.        
 1.03147671 -5.26879864  1.        
  0.76581066  12.84096293   1.        
 0.7779436   8.32536381  1.        
 1.0798399  -2.11012045  1.        
 1.31036948 -1.11182074  1.        
 1.29808461 -2.77349267  1.        
  0.79037494  13.45051825   1.        
  1.00276705 -23.48980714   1.        
  0.91357375 -13.63941683   1.        
 1.14830248 -1.76295417  1.        
 1.00282954  2.70568222  1.        
 0.86250319 -1.95212069  1.        
 1.013751   -6.61194582  1.        
 1.03873425  5.50732232  1.        
 0.53644585 -0.78191657  1.        
 1.17205291 -8.45218098  1.        
 1.08849826  5.05257524  1.        
 1.14303239 -2.74565719  1.        
 1.37784077  4.05637895  1.        
 1.36957632  2.09262988  1.        
 1.51399103  1.05189754  1.        
  1.11131264 -22.0473087    1.        
 1.27923097  0.6030637   1.        
 1.24418468  9.59976314  1.        
 0.91240997 -7.11491468  1.        
 0.81489118 -1.28409914  1.        
 0.87702826 -1.81363266  1.        
 1.06621881 -9.53265987  1.        
 1.49001324 -6.5359022   1.        
  1.2427316   24.85268836   1.        
 1.04684969 -6.12866558  1.        
 0.5662154   4.54666387  1.        
 1.02819736 -4.39118008  1.        
 1.30421113  1.24177551  1.        
 0.97918474  6.24386281  1.        
  0.76810722 -12.39610445   1.        
 0.99780856 -7.01958196  1.        
  1.14046573 -19.70140194   1.        
  1.31457237 -15.44526188   1.        
 0.97608291 -9.13807992  1.        
  1.0128414   17.14058505   1.        
  1.21740653  20.80372288   1.        
  1.00810857 -13.31309207   1.        
 1.03943815 -0.59654041  1.        
 1.18292977  0.47785865  1.        
 0.80464358  9.56112976  1.        
 0.95584119 -0.48843893  1.        
 0.82503946 -8.38533241  1.        
  0.89614671 -29.82282151   1.        
  0.76594958 -19.64878219   1.        
 1.03934896  1.14893191  1.        
  1.22280375  11.63702369   1.        
  1.09563549  11.47512122   1.        
 0.93841915  3.59955939  1.        
  1.03103115 -16.06906354   1.        
  1.0500736   14.15073059   1.        
  1.01598551 -11.94055581   1.        
 0.8568628  -8.86746421  1.        
  1.1512113  -15.15063126   1.        
 0.60594557 -0.41931958  1.        
  1.34381616  14.16929568   1.        
 0.865752   5.5523679  1.       
 1.09106874 -5.96263794  1.        
  1.18212183  10.57420138   1.        
 1.40215345  9.30698523  1.        
  0.77952793  15.29336073   1.        
 1.15349391 -2.34436131  1.        
  1.26951459  13.65202225   1.        
 1.16575564 -1.7581552   1.        
  0.96368384 -22.65227552   1.        
 0.86751036 -6.50307355  1.        
 0.77050131  3.06679982  1.        
 1.0883783   1.13843691  1.        
 1.17540363  9.28048228  1.        
 1.09651453  5.20236705  1.        
 1.05237303 -3.74192536  1.        
  0.93107414 -35.21206538   1.        
 1.61343854  3.54308197  1.        
  1.09762609 -15.03719459   1.        
  1.13130137 -10.89877518   1.        
 0.81714205 -8.81486561  1.        
  1.17050449  14.16165615   1.        
  0.9722288  -16.71262649   1.        
 0.98674502  2.92770215  1.        
  1.03989836  15.3933276    1.        
 1.21691486  7.69787835  1.        
  0.87487015  11.83086436   1.        
 1.17151643  1.19239058  1.        
 0.76563512 -9.27565037  1.        
 1.11509772  0.51818013  1.        
  1.17636082  17.88747232   1.        
 1.08322013 -2.80880298  1.        
  1.20873349  20.76323468   1.        
 0.6902273  -1.88912385  1.        
  1.05865809 -19.02778705   1.        
 0.66820439 -6.155403    1.        
  1.06554183  14.06449405   1.        
  1.17880724  11.55304621   1.        
 1.09920494 -1.92221728  1.        
 0.79585212  2.85738221  1.        
  0.88382816 -14.82086944   1.        
 0.95450509  4.85408721  1.        
 0.5488583  -0.46939842  1.        
  0.94406311  16.42647536   1.        
 0.7145557   4.98530356  1.        
 1.03069806 -7.87887865  1.        
  0.96047151 -10.5096112    1.        
 0.78991282  8.24211815  1.        
 0.92776992  3.62487535  1.        
 0.72719147  4.72589262  1.        
  0.95859185  11.02765896   1.        
 1.09339652 -7.45238865  1.        
 1.2399866   1.27954304  1.        
  0.90054838 -14.69665308   1.        
  0.92185672  10.9596158    1.        
  1.03877884 -14.37977338   1.        
  1.21712993  17.46210207   1.        
  0.99854825 -14.64760635   1.        
 0.65089946 -0.84336472  1.        
 1.1380791  -1.50266345  1.        
 0.99174148 -4.231056    1.        
 1.32683519 -8.07916914  1.        
  1.13673325 -11.36742009   1.        
 1.05864199 -9.19140063  1.        
  0.8212941  -11.33209344   1.        
  0.87141781  13.97359108   1.        
  0.94220245 -15.01822991   1.        
 1.10558175  8.72247172  1.        
 0.89415329  3.48581478  1.        
 0.97874785  0.04724697  1.        
 0.94141423  5.75699841  1.        
 1.09488767 -2.95344327  1.        
 0.83893633 -6.29659496  1.        
  0.86253551  17.78507514   1.        
  0.99008129 -12.06669437   1.        
 0.79058953 -7.65422179  1.        
  1.19487282 -12.94026043   1.        
  1.06841534  27.09765151   1.        
  0.92929481 -11.85703612   1.        
 0.83969176 -6.34221154  1.        
  1.53111371 -20.10468795   1.        
 0.94482096 -6.60513306  1.        
 1.04738517  2.80848708  1.        
 0.77281598 -5.88534891  1.        
 0.68780344  1.0415012   1.        
 1.38930299 -3.69166132  1.        
 0.70982345  8.80982596  1.        
 0.88762111 -4.30262939  1.        
 0.95263296  6.8898687   1.        
  0.79324434 -15.3292008    1.        
 1.08616654  8.19774983  1.        
  1.05053116  10.5602157    1.        
  0.98030225  10.01814168   1.        
 0.85091403  0.12276145  1.        
  0.80898073  12.28276634   1.        
 0.95238363 -0.59071497  1.        
 0.90534167  8.82677429  1.        
 0.86911941  3.81637772  1.        
 0.8432487   3.59828326  1.        
 0.64557202 -3.81808969  1.        
 1.06571671  0.63360278  1.        
 0.80574009 -5.90387075  1.        
 1.15092807 -8.22861368  1.        
 0.85983301 -5.88920606  1.        
 0.60729069  0.12327551  1.        
  0.86068999 -11.59070028   1.        
 0.85885553 -2.60558168  1.        
 0.95242344 -1.21738824  1.        
  1.2469052  -13.37026255   1.        
  1.12910036 -27.09012367   1.        
 1.34237667 -6.52373641  1.        
 1.17850351 -3.87186046  1.        
  1.04190231 -16.35047672   1.        
  1.07120976 -18.34309732   1.        
  0.96837425 -11.93397366   1.        
 0.91520347  0.33519527  1.        
 1.12158918  1.07530279  1.        
  1.22635367  14.74324592   1.        
  1.04599829  13.49739817   1.        
  1.18056149 -16.23497574   1.        
 1.10154815 -7.31876064  1.        
 1.27910346  4.24224912  1.        
 1.0556853   7.79754703  1.        
 0.74162487  8.32687391  1.        
 1.06134853 -7.17945456  1.        
 1.28264159 -4.84678028  1.        
 1.13868585  0.1432825   1.        
 0.75740564 -8.7072825   1.        
 1.10286004 -1.26749937  1.        
  1.10407127 -10.79335839   1.        
  1.27358663  10.6799301    1.        
 0.82907062  2.07367224  1.        
  0.75935834 -27.34603132   1.        
 1.21559108  1.92497181  1.        
 0.99804664  2.12121452  1.        
  0.79901981  10.59063023   1.        
 1.31271221 -4.50166135  1.        
 1.0888381  -3.25973405  1.        
  1.00170661 -14.42314285   1.        
 1.25330409  6.99368742  1.        
 1.37153985 -4.92014053  1.        
 0.89622604  5.60893236  1.        
  1.01578037 -21.47573735   1.        
 1.24905597  3.80230553  1.        
  0.79112116 -11.6046266    1.        
 0.84667732  9.64974017  1.        
 1.16807303 -3.80398551  1.        
 1.18981166 -4.56958697  1.        
 0.87873754  6.91159546  1.        
  1.06568382  10.09626184   1.        
 1.2242415   8.05490123  1.        
  0.9797915   14.33591989   1.        
 1.08147564  3.2066683   1.        
 1.23100365 -2.61628299  1.        
 1.18487157  1.96264358  1.        
  1.18514135 -13.58569804   1.        
  1.06662911 -11.19852886   1.        
 0.93330874 -8.76657661  1.        
  1.07916364 -21.36908792   1.        
 0.67508356  6.89958046  1.        
 0.86775105  6.95527478  1.        
  1.6259783  -28.69550786   1.        
 0.85058789 -1.17592996  1.        
 0.83646383 -8.60124687  1.        
 1.12986573 -4.40574183  1.        
  0.88960861  16.55283489   1.        
  1.09102541 -12.99936741   1.        
  1.19497691 -10.76108289   1.        
 1.07086855 -5.12382368  1.        
 1.08761425 -3.04798417  1.        
  1.30719003 -14.22071349   1.        
 0.69881192 -2.24210297  1.        
  1.05179142 -10.78317264   1.        
 1.15844769  5.10134028  1.        
 0.95518768 -0.9566366   1.        
  0.81368811 -13.94996      1.        
 1.13339459  9.55073692  1.        
  1.39316798 -18.56125664   1.        
  1.08418725  26.91338535   1.        
  0.65740885  12.56864718   1.        
 1.14639349  8.10148036  1.        
 1.11017231 -5.34822793  1.        
 1.01779817 -5.69424865  1.        
 1.10517044 -4.6188217   1.        
 0.92796013 -6.23292921  1.        
  0.81078775 -12.75656439   1.        
 0.97570253 -3.62474596  1.        
 1.3388846   3.30687276  1.        
 0.79088371  5.65630108  1.        
  0.84571857 -14.73899128   1.        
 1.06010516  0.40985395  1.        
 1.03712289 -3.63867275  1.        
 1.0456184  -0.74178146  1.        
 1.0742478  -8.75143053  1.        
  1.13565605 -12.40233464   1.        
  0.69872069  12.33023887   1.        
  1.16949206 -10.53890339   1.        
  0.91136673 -17.22130521   1.        
 1.27348362 -0.61768239  1.        
 0.99775415  7.30221357  1.        
  0.75252588 -10.93702027   1.        
 1.04975703 -9.13603757  1.        
 0.60403797 -1.36154284  1.        
 0.86110539 -1.69258187  1.        
 1.24043694  2.53860931  1.        
 1.05129963  6.69799857  1.        
 1.21404727  4.65180615  1.        
 0.97347144 -4.28011104  1.        
 1.27303012 -0.78160273  1.        
 0.55763832 -4.30864973  1.        
 1.04799936  9.69673976  1.        
 1.02160937  6.85262234  1.        
  0.82393688 -12.03031379   1.        
 0.90433481  2.04443496  1.        
  0.87077737 -13.03381489   1.        
 1.01954648  5.0205305   1.        
  1.23746334 -11.96491761   1.        
 0.99648959  0.87705781  1.        
 1.09764531  5.34203624  1.        
 1.11986062 -7.95751792  1.        
 0.56969435 -4.4455656   1.        
 1.17176388  1.66200449  1.        
  0.99720291  13.74328862   1.        
 1.28369033 -8.77524448  1.        
  1.05131794  14.68755857   1.        
 0.90584798 -3.04417859  1.        
 0.45749342  1.68247612  1.        
 1.14726388  2.59404984  1.        
 1.19183662  2.09802358  1.        
 0.79267007  4.14916292  1.        
 0.84819875  2.47001018  1.        
 0.90884816  2.95895359  1.        
 1.07532825  6.36402513  1.        
 1.14416568  2.34229759  1.        
 0.69007387 -2.0036294   1.        
  1.13239872 -11.42878435   1.        
 0.7940586   7.47097818  1.        
 0.83270025 -1.44909913  1.        
 0.91497114  7.50587573  1.        
 0.87623615 -6.28543383  1.        
 1.03328623  3.41545941  1.        
 1.30430223  6.22058698  1.        
 1.25517965 -8.03978447  1.        
 0.96862517 -4.86265128  1.        
 1.16681976  5.37331176  1.        
 1.02801788  0.04089125  1.        
 1.68760573 -8.28554687  1.        
  0.86934767 -12.13315993   1.        
 1.10375821  6.57254252  1.        
 1.02817549  3.72120799  1.        
 1.203623  -2.6927178  1.       
 0.73425093 -7.70608653  1.        
 0.88995898  0.34190988  1.        
 0.92384163  1.8484438   1.        
 0.68195189 -1.31797592  1.        
 1.10606051 -4.67117448  1.        
 1.05399987 -9.76631291  1.        
  1.2213585   17.67676604   1.        
 0.88144114  2.37677021  1.        
 0.90770938 -0.45895203  1.        
 1.05838894 -4.56236209  1.        
  0.59625858 -17.75198463   1.        
  1.1120207   27.23342722   1.        
 0.59255091  6.56915487  1.        
  0.64044019 -17.05465377   1.        
 0.90357355 -6.8738099   1.        
 0.91388616  7.74247643  1.        
  1.04183359  10.07335315   1.        
 0.87290355 -6.19744728  1.        
 0.79432459 -3.4559358   1.        
  0.97328905  15.1911051    1.        
 1.32941789 -1.69463014  1.        
 0.94467068  8.4541718   1.        
  0.93485197  12.78747914   1.        
 0.93693236  2.16106736  1.        
  1.31860792 -12.62194572   1.        
  1.27973939 -10.71878284   1.        
 1.16702534 -3.35736752  1.        
 1.05721007 -1.36863278  1.        
  1.03745953 -11.27303764   1.        
 1.14110264  4.19627477  1.        
 0.68721351  7.55030167  1.        
  1.21940751  20.51668451   1.        
  1.11739936  11.0907168    1.        
 0.84869177 -7.4773004   1.        
  1.14704155  13.73903422   1.        
 0.96255815  5.06939395  1.        
 1.1596224  -6.22100735  1.        
 1.2401542  -3.74470933  1.        
 0.71915937  0.04906602  1.        
 0.90169146 -8.22834825  1.        
 0.71737121  9.11909425  1.        
 0.60605874  9.32464271  1.        
 0.82898041 -7.01801251  1.        
 0.99253247 -2.51510682  1.        
 1.00194493 -3.81437544  1.        
 0.6308927   0.71678613  1.        
 1.07749796  6.32219797  1.        
 0.98343308  3.74182255  1.        
 0.87012779 -6.33027871  1.        
 0.90466689 -9.03469684  1.        
 0.61315636 -5.49372984  1.        
 0.94035698 -7.74154757  1.        
 0.73358478 -5.58490803  1.        
  0.91862637 -10.68452574   1.        
 0.77172426  2.38324356  1.        
 1.05400038  8.15134669  1.        
 1.01520744  3.87712137  1.        
  1.21092516  10.79581427   1.        
 0.85483032 -5.53961856  1.        
 1.53630144 -1.82448841  1.        
 1.1021962   0.55335337  1.        
 1.01710277 -6.6206261   1.        
 1.0834897   8.54499395  1.        
  1.06844772 -16.01399787   1.        
  0.63724362 -13.05723649   1.        
 1.05564651 -8.4589414   1.        
  1.08016975  10.68382362   1.        
 1.59850093  1.08716624  1.        
 1.01273973  4.05435593  1.        
 1.235335    8.35970177  1.        
 0.85483957 -2.37719616  1.        
  0.95335837 -13.54334931   1.        
 1.02212932 -1.95665435  1.        
 0.78293529 -4.3003606   1.        
  1.22959069  16.33159172   1.        
 0.92837711 -1.87552469  1.        
  1.28328233 -10.14233973   1.        
 1.03036382  6.07661576  1.        
  1.12087032  10.38987475   1.        
  0.77892799  12.34361109   1.        
 0.78702956 -4.5192688   1.        
  0.95666115 -20.9058371    1.        
  0.99292677 -10.60412087   1.        
 1.00279766 -6.23278471  1.        
  1.13750163  13.37435579   1.        
 0.77879497 -8.52836163  1.        
 1.21115621  6.57259301  1.        
 0.91721498 -6.54536537  1.        
  0.77842342 -12.04332177   1.        
 1.04278136  3.67407692  1.        
 1.24412178  2.29617743  1.        
 0.80034838  6.7325109   1.        
 1.18065584  6.66943275  1.        
 0.90828311  7.08800132  1.        
 0.70854798  6.07350332  1.        
  0.97652329 -14.61363623   1.        
 0.63023726 -4.46507013  1.        
 1.6290221  -8.30061878  1.        
 1.01831112  6.64804161  1.        
  0.94854753 -15.36302854   1.        
 0.90088326  0.29299092  1.        
  0.9015652   12.55032668   1.        
  1.03967649  10.95364      1.        
  1.14872969 -10.6038036    1.        
 0.99427371  1.09913535  1.        
 1.18877877 -2.2656108   1.        
  1.03747731  14.69685239   1.        
 1.04439174  1.48678701  1.        
 0.63571867  2.4478986   1.        
 1.23605739  0.8568751   1.        
 0.86502111  6.42912229  1.        
 0.98793362 -8.71816235  1.        
 0.88478959  4.03211761  1.        
 1.1384563   8.38170492  1.        
 1.08698976 -7.13387924  1.        
 0.51972279 -6.33117378  1.        
 0.9124269  -0.94203435  1.        
  0.96195336  17.41551962   1.        
  1.30754593  10.18696367   1.        
 0.98368953 -2.16329401  1.        
 0.93480622  0.75048125  1.        
  1.02407254  13.61371019   1.        
  0.87630042  18.44157396   1.        
  1.08464527 -10.00165461   1.        
 0.83045485  3.04908066  1.        
 1.18513196  3.15824441  1.        
 0.67127936 -8.75780259  1.        
 0.95780404  4.88044345  1.        
  1.07110392 -10.13584605   1.        
 0.95468773  7.55040328  1.        
 0.73143137  1.64770564  1.        
  0.84061971  13.17968246   1.        
 1.42027777 -4.35614245  1.        
 1.05816901  8.93649623  1.        
  1.05681925 -20.67069914   1.        
  0.61699871  12.9787793    1.        
  0.8803742   15.55417404   1.        
 0.94289261 -2.11654854  1.        
  1.07737015 -11.3220557    1.        
 1.10495478  6.02255451  1.        
 1.06283805  1.43397068  1.        
 1.46950154 -5.70922579  1.        
  0.94107194  12.54393708   1.        
  1.18303169 -21.52983619   1.        
  1.11887241 -24.94595881   1.        
 1.4097549   0.62317308  1.        
 1.52199926 -8.32295658  1.        
  1.25859348  21.67215916   1.        
  1.36788897  15.78128905   1.        
  1.02482304  14.59689188   1.        
  0.85159641 -10.3905101    1.        
 1.07881448  7.03752613  1.        
  1.20899516  13.17971493   1.        
  1.0153463   19.36689633   1.        
 0.99021996  6.02350291  1.        
  0.84065449 -11.37562914   1.        
 0.74076339  1.77947469  1.        
 1.25307262 -9.44982475  1.        
 1.03625968 -6.07610822  1.        
  1.08870434 -25.19145599   1.        
 1.28770623  7.68637723  1.        
 0.99868284  8.28738598  1.        
 1.059997   -3.91079413  1.        
 0.53527098  3.26921242  1.        
  0.83629239  18.78079659   1.        
 0.98377912  1.36898885  1.        
 0.86948059 -3.04545922  1.        
 0.99955722  1.51137303  1.        
 0.96384416  6.46433039  1.        
 0.91465909 -9.82214473  1.        
  0.85148831 -18.29945237   1.        
  0.88268222  18.11902021   1.        
 1.53983256 -6.85673121  1.        
 0.82256262  2.76717299  1.        
  1.23400858 -15.32269447   1.        
 0.55715858  3.21328803  1.        
  0.91917337  12.7119543    1.        
 1.30750478  3.33867324  1.        
 1.06585467  5.87625845  1.        
  0.67497361  11.42917682   1.        
  1.00511065  18.1927816    1.        
 1.21601819  8.65975744  1.        
  1.051607  -11.0155722   1.       
 1.00065631 -7.08140064  1.        
 1.01363553  6.13833429  1.        
 1.12092609  1.52184783  1.        
 1.02006569  2.46758632  1.        
 0.84311223  9.36497278  1.        
  1.01444283  14.56475176   1.        
  1.00051842  13.3619887    1.        
 1.21981054 -6.60871251  1.        
 0.71720581 -9.39999475  1.        
 1.09957029  4.79416197  1.        
 0.76572589  6.22805318  1.        
 1.07707224  2.2264148   1.        
 0.67119984  1.29277711  1.        
 0.97826096 -5.06230634  1.        
 1.17116846 -7.65284505  1.        
 0.94808079  2.85508498  1.        
 1.03758626  2.9256645   1.        
  0.892548    12.25159874   1.        
 1.07870416  6.68298563  1.        
 1.01871879  0.58188053  1.        
  0.79426053  16.17428266   1.        
 0.83761159  8.91562854  1.        
 0.9279927   6.04111821  1.        
 1.32221161  6.35136852  1.        
 1.34639172  1.02874338  1.        
 1.02693717  4.89107032  1.        
 1.02757583  0.9038895   1.        
 1.02738144  1.86691939  1.        
  0.99891948  11.52047194   1.        
 1.17397808  2.51207966  1.        
  1.43204755  14.00683394   1.        
 1.05414937 -4.26757614  1.        
 0.94248259 -2.30110696  1.        
  1.01076449  16.95686939   1.        
 1.35488762 -1.67690144  1.        
  0.83595234 -13.22264357   1.        
 1.03068003 -1.33747755  1.        
  0.89815873 -17.44461194   1.        
  0.98488853  16.01131153   1.        
 1.22907883  7.68448609  1.        
  0.79964037  11.33377942   1.        
 0.90030943 -6.23742019  1.        
 1.33453388 -8.75849334  1.        
 0.77320853 -5.30680951  1.        
 0.97620205 -7.48258271  1.        
 1.02994886  9.94335529  1.        
  1.26105368 -10.98957679   1.        
 1.19121251  5.43898031  1.        
 1.29707015 -2.67841811  1.        
 0.78024158 -1.97580943  1.        
  0.68726194  13.10137058   1.        
 0.67570942 -4.29441944  1.        
  0.74200264  23.38174543   1.        
 0.9782207   4.09158209  1.        
  0.58137588  25.53557998   1.        
  1.46606791  13.72841455   1.        
 0.87356464 -0.04858455  1.        
 1.1893091  -1.12792634  1.        
 0.90364144 -8.91591674  1.        
 1.21379884 -2.72929419  1.        
 0.89889178  2.04329127  1.        
 0.88649215 -5.11405051  1.        
 0.84740461 -3.40334836  1.        
 0.92311012  0.59413095  1.        
 1.14370226  3.42707869  1.        
  1.01806156 -28.31319089   1.        
 0.97369722  6.33894807  1.        
  0.95803096  17.02707756   1.        
 1.30041618 -3.98444434  1.        
 0.96317352  1.55843869  1.        
  1.33999175 -16.69614598   1.        
 1.10152092  6.77126599  1.        
 1.39429764 -5.5103621   1.        
  0.94912666  11.39450277   1.        
  0.95801302  18.55746424   1.        
  0.85253869 -10.59406739   1.        
 1.05826928 -0.11320141  1.        
  1.19720575 -15.55665161   1.        
  0.69641881 -10.08327574   1.        
 1.14883098 -0.87937816  1.        
 1.11735134  5.57742498  1.        
 1.10002593 -2.02013865  1.        
  0.95228193 -21.79625121   1.        
 1.12831437  4.18244437  1.        
 0.93871806 -2.29042927  1.        
 0.95499765 -7.47673766  1.        
  0.80315582  13.87745681   1.        
  1.33382549  16.24074151   1.        
  0.7641248  -11.00348197   1.        
  0.96610931  14.08885827   1.        
  1.12114646  14.19486777   1.        
  0.91439849 -12.10402404   1.        
  1.01649758  20.76715361   1.        
 0.71758574 -4.19999538  1.        
 0.99066992 -8.51489349  1.        
 1.06855771  8.09310354  1.        
 1.02473067  9.0764394   1.        
 0.77057749 -4.39503371  1.        
  1.23448862 -13.38362438   1.        
 0.9871871   5.66665564  1.        
 1.20596869 -4.52780692  1.        
 1.09349925  4.23890778  1.        
  0.82285669 -17.78200035   1.        
 0.99484223  8.14402711  1.        
