206
211
208
208
225
170
220
200
230
206
225
206
225
220
206
225
180
225
185
215
205
215
235
206
237
200
185
235
200
225
200
206
200
200
180
176
211
225
180
195
200
211
200
205
190
233
225
241
208
235
200
200
195
230
208
205
241
235
200
208
226
225
200
208
220
241
206
205
208
241
170
200
206
220
195
215
175
225
225
200
200
200
241
220
205
170
190
208
220
220
200
205
210
235
205
241
241
195
225
235
241
215
206
241
206
206
195
208
211
200
210
206
237
170
225
170
208
210
208
215
241
206
220
200
208
190
206
220
176
200
165
200
235
208
241
220
208
200
206
225
195
225
225
206
180
180
200
185
170
220
208
220
220
225
195
180
225
200
241
195
241
220
241
205
200
190
200
211
208
211
235
200
190
241
206
206
195
235
206
195
190
205
200
200
190
200
184
206
200
206
241
206
190
211
220
170
220
206
250
235
200
220
220
225
225
205
220
205
190
241
206
195
235
208
220
170
215
195
225
225
190
200
208
180
215
200
211
165
215
190
211
215
176
201
185
195
185
220
200
241
170
220
180
185
215
206
235
241
211
225
220
205
205
200
208
211
200
205
170
220
206
200
208
240
215
208
241
208
190
195
200
195
220
200
190
241
195
215
220
210
241
200
220
225
225
200
194
241
200
220
235
185
220
180
200
235
208
195
241
170
206
235
235
220
215
220
200
220
220
200
200
201
200
206
185
180
200
241
205
220
195
220
211
180
205
200
190
200
220
206
205
241
220
211
170
180
200
205
200
208
176
225
250
220
225
180
175
208
195
180
241
208
205
200
205
235
176
210
200
211
190
200
220
205
220
220
211
225
200
220
208
225
241
220
190
205
241
180
220
220
200
278
190
241
206
235
180
225
215
220
200
220
185
170
206
206
206
200
219
225
241
175
200
208
200
208
220
195
198
206
235
195
180
225
176
208
206
190
200
206
205
215
215
215
241
200
185
220
206
180
190
220
237
241
195
180
175
220
200
241
208
226
220
220
201
206
206
200
170
220
210
170
235
200
180
190
176
225
208
225
225
205
200
195
190
205
225
205
180
241
208
241
225
180
195
206
200
208
180
241
190
206
208
235
200
200
200
206
241
235
205
195
176
208
235
200
205
237
220
195
176
200
205
180
190
241
230
208
235
206
180
180
206
211
180
206
235
215
215
205
211
235
206
205
206
220
206
220
220
241
208
215
220
215
200
205
208
200
211
241
205
200
241
180
200
180
180
225
225
180
200
206
225
200
200
208
180
210
230
250
226
208
190
180
220
200
211
210
240
206
211
241
206
200
195
235
208
200
241
250
206
200
200
195
230
241
206
165
176
220
225
208
241
200
235
241
215
195
241
215
250
205
237
208
205
200
208
225
235
190
205
235
206
200
225
176
225
241
205
205
206
190
220
206
176
206
215
235
211
220
235
211
211
241
241
215
235
220
235
220
185
195
225
205
180
208
220
206
206
220
170
200
208
206
220
180
185
205
195
200
190
200
241
200
220
195
220
241
211
190
211
225
170
225
215
235
210
220
220
200
200
180
206
220
200
241
180
176
220
206
225
208
241
185
220
215
180
206
211
208
200
220
225
241
195
235
205
235
208
220
220
206
241
220
233
225
220
206
220
195
208
176
241
206
208
208
235
220
206
205
200
225
180
220
208
200
200
210
211
176
195
241
185
220
190
225
200
220
208
220
200
250
220
225
215
206
220
180
206
200
205
200
190
208
215
167
190
176
200
211
195
208
195
211
170
165
200
241
195
200
215
230
225
237
215
220
206
206
211
220
205
175
180
195
220
176
180
215
175
190
215
235
220
190
220
220
220
195
220
210
200
241
220
208
170
208
235
220
201
206
235
235
185
200
195
190
225
200
220
200
235
226
208
220
195
220
185
241
220
170
208
200
225
208
170
225
211
230
241
206
225
200
208
241
225
230
208
235
200
205
200
220
190
225
206
195
206
206
170
211
167
241
225
215
220
200
206
220
190
206
215
230
220
180
205
225
208
206
220
200
205
220
241
250
205
200
206
225
211
195
170
208
195
206
195
220
210
215
185
208
195
233
208
165
208
211
206
200
180
200
237
237
200
237
205
220
233
195
180
185
200
241
205
200
205
195
200
195
220
208
215
208
200
225
219
210
200
220
195
241
175
208
211
190
180
180
180
205
208
206
206
180
241
226
220
185
250
230
241
206
208
211
235
200
211
278
176
205
205
206
225
220
195
206
200
220
200
225
206
250
176
241
195
205
211
180
205
208
205
206
211
206
200
215
170
215
220
241
206
205
220
206
205
220
235
